<?xml version="1.0" encoding="UTF-8" standalone="no"?>
<!-- Creator: CorelDRAW X6 -->

<svg
   xmlns:dc="http://purl.org/dc/elements/1.1/"
   xmlns:cc="http://creativecommons.org/ns#"
   xmlns:rdf="http://www.w3.org/1999/02/22-rdf-syntax-ns#"
   xmlns:svg="http://www.w3.org/2000/svg"
   xmlns="http://www.w3.org/2000/svg"
   xmlns:sodipodi="http://sodipodi.sourceforge.net/DTD/sodipodi-0.dtd"
   xmlns:inkscape="http://www.inkscape.org/namespaces/inkscape"
   xml:space="preserve"
   width="744.09448"
   height="744.09448"
   version="1.1"
   style="fill-rule:evenodd"
   viewBox="0 0 3205.0491 3205.8794"
   id="svg2"
   inkscape:version="0.48.3.1 r9886"
   sodipodi:docname="tv_camera_sign.svg"><metadata
   id="metadata36"><rdf:RDF><cc:Work
       rdf:about=""><dc:format>image/svg+xml</dc:format><dc:type
         rdf:resource="http://purl.org/dc/dcmitype/StillImage" /><dc:title></dc:title></cc:Work></rdf:RDF></metadata><sodipodi:namedview
   pagecolor="#ffffff"
   bordercolor="#666666"
   borderopacity="1"
   objecttolerance="10"
   gridtolerance="10"
   guidetolerance="10"
   inkscape:pageopacity="1"
   inkscape:pageshadow="2"
   inkscape:window-width="1368"
   inkscape:window-height="712"
   id="namedview34"
   showgrid="false"
   inkscape:zoom="0.24632963"
   inkscape:cx="775.43898"
   inkscape:cy="301.33942"
   inkscape:window-x="0"
   inkscape:window-y="17"
   inkscape:window-maximized="1"
   inkscape:current-layer="svg2"
   width="210px"
   units="mm" />
 <defs
   id="defs4">
  <style
   type="text/css"
   id="style6">
   
    .str0 {stroke:#2B2A29;stroke-width:3.05267}
    .fil2 {fill:#2B2A29}
    .fil0 {fill:#FEFEFE}
    .fil1 {fill:#E31E24}
   
  </style>
 
  
  
  
  
  
  
  
  
  
  
  
  
  
 </defs>
 
<path
   style="fill:#fcda00;fill-opacity:1;stroke:none"
   d="m 322.97463,93.29194 2577.56367,0 c 131.7563,0 237.8273,106.071 237.8273,237.827 l 0,2577.56406 c 0,131.756 -106.071,237.827 -237.8273,237.827 l -2577.56367,0 c -131.7563,0 -237.827399,-106.071 -237.827399,-237.827 l 0,-2577.56406 c 0,-131.756 106.071099,-237.827 237.827399,-237.827 z"
   id="path3098"
   inkscape:connector-curvature="0" /><path
   style="fill:#000000;stroke:none"
   d="m 350.56723,192.27794 c -92.0931,0 -166.4131,74.32 -166.4131,166.413 l 0,2522.58606 c 0,92.093 74.32,166.144 166.4131,166.144 l 2522.58587,0 c 92.0931,0 166.1438,-74.051 166.1438,-166.144 l 0,-2522.58606 c 0,-92.093 -74.0507,-166.413 -166.1438,-166.413 l -2522.58587,0 z m 0,52.778 2522.58587,0 c 63.7533,0 113.3656,49.779 113.3656,113.635 l 0,2522.58606 c 0,63.856 -49.5096,113.366 -113.3656,113.366 l -2522.58587,0 c -63.856,0 -113.6348,-49.613 -113.6348,-113.366 l 0,-2522.58606 c 0,-63.753 49.8815,-113.635 113.6348,-113.635 z"
   id="path3100"
   inkscape:connector-curvature="0" /><path
   style="fill:#000000"
   d="m 1912.1392,718.48794 a 26.238387,26.238387 0 0 1 -9.1554,1.615 c -153.7498,0 -307.5214,0 -461.2714,0 -4.9642,18.626 -9.9753,37.246 -14.9449,55.875 a 26.238387,26.238387 0 0 1 -12.1174,15.888 c -22.0551,12.86 -44.826,26.184 -69.4735,37.564 -0.1706,0.08 -0.3678,0.191 -0.5385,0.269 l 0,-0.134 c -7.3365,3.546 -14.8443,6.842 -22.4846,9.828 -2.0721,14.584 -3.2314,29.45 -3.2314,44.565 0,175.49106 144.5456,320.03606 320.0356,320.03606 175.4903,0 319.901,-144.545 319.901,-320.03606 0,-60.39 -17.1352,-117.038 -46.7195,-165.47 z M 1654.7104,1245.328 c -36.1302,0 -72.3008,31.009 -72.3008,72.301 0,29.3 20.3628,58.5 50.0855,68.531 l -44.5653,178.261 -141.2358,-243.022 0,-34.468 -438.2481,0 0,64.223 c -71.87817,32.372 -121.08357,85.279 -143.79377,172.876 -5.1615,15.484 -10.2326,30.965 -10.2326,46.45 l 0,15.483 c -5.1614,51.615 -5.2067,113.541 5.1163,185.801 l 25.8506,934.257 c 5.1614,154.844 201.23927,154.844 206.40067,0 l 25.8506,-929.14 0,-5.117 c 5.1614,-56.776 61.8433,-61.936 72.1662,-15.483 l 51.7011,939.372 10.2326,5.251 794.9054,0 51.5665,-939.507 c 10.3229,-46.453 67.1394,-41.293 72.3009,15.484 l 0,5.251 25.8505,929.005 c 5.1615,154.844 201.2394,154.844 206.4008,0 l 25.8506,-934.256 c 10.323,-72.261 10.2778,-134.187 5.1162,-185.801 l 0,-15.484 c 0,-15.484 -5.071,-30.966 -10.2325,-46.45 -18.835,-72.649 -56.0375,-121.329 -109.1918,-154.296 l 0,-101.921 -449.0192,0 0,30.428 -144.7364,257.698 -50.4894,-173.145 c 30.3328,-7.226 56.9521,-34.892 56.9521,-70.281 0,-36.13 -31.0091,-72.301 -72.3009,-72.301 z m 267.392,79.841 334.4419,0 0,55.201 -334.4419,0 0,-55.201 z m -861.8207,8.482 334.5765,0 0,55.202 -334.5765,0 0,-55.202 z"
   id="path16"
   inkscape:connector-curvature="0" /><path
   style="fill:#e31e24"
   d="m 1127.8702,409.08894 185.801,160.085 0,87.784 -144.467,165.067 c 92.9064,20.646 165.1974,-20.553 227.1351,-56.683 l 20.5996,-77.417 479.9861,0 0,-118.751 185.8011,-160.085 -954.8559,0 z m 227.135,175.568 c 10.323,0 20.5997,15.483 20.5997,30.967 0,15.485 -10.2767,30.967 -20.5997,30.967 -10.3229,0 -20.5996,-15.482 -20.5996,-30.967 0,-15.484 10.2767,-30.967 20.5996,-30.967 z"
   id="path18"
   inkscape:connector-curvature="0" /></svg>